Comprobar leaks de memoria:
system("leaks -q push_swap");

100 numeros:

30 91 36 -7 60 -96 -84 -100 56 -59 -46 -31 52 -26 86 61 25 33 10 83 -88 -42 -52 47 -82 39 18 -64 -10 79 -13 95 19 -17 -66 -51 -3 -11 -23 -40 63 96 46 40 28 -30 12 93 70 89 4 -98 77 -47 -86 -94 58 -65 73 -35 -29 -15 -37 88 -44 -22 -6 71 -77 8 -54 -63 92 -71 67 -90 84 -79 98 -80 69 64 -45 -21 99 94 -48 -93 44 75 42 17 -76 5 -91 -38 1 41 -69 13

9 45 22 8 100 67 11 35 78 75 59 0 25 58 83 7 33 56 89 85 23 62 65 92 80 16 47 44 79 70 86 76 36 88 40 37 52 63 61 90 93 29 24 46 32 49 5 94 60 87 55 10 3 54 31 97 48 1 84 74 21 17 13 19 69 50 82 73 98 43 91 66 14 26 18 72 53 30 34 68 51 4 12 77 71 99 28 81 95 96 57 42 6 39 2 64 15 20 41 27

-18 -31 -15 49 -42 44 -6 7 -37 26 -25 -28 42 21 19 -8 1 31 23 -48 -13 -30 8 12 30 -41 46 38 36 -23 25 -9 -3 47 -2 -19 29 11 50 35 6 -17 17 15 -29 2 40 -12 27 -27 18 41 -35 -7 24 10 -20 -36 -38 34 -24 37 32 -14 20 -11 -44 33 4 -1 -16 16 45 -43 -34 -40 -22 -26 43 -4 -45 -10 13 -50 -46 -49 -5 48 22 -39 0 -47 28 3 9 -21 -33 39 -32 5

500 numeros:

-140 -57 -47 -146 -155 182 103 11 48 83 -95 -180 -156 -53 215 205 -192 -87 -218 -50 -76 -144 -193 82 -217 -211 131 -237 -81 99 -229 -233 -206 -145 202 65 15 7 69 80 -1 216 60 -201 -110 -117 185 -153 -51 -6 126 171 73 -133 -203 -89 140 -178 -46 -49 93 139 16 46 87 -245 -33 -52 -143 -186 -198 -82 -66 -101 -238 238 -14 132 19 -190 -141 -107 -167 191 120 208 -41 -213 100 207 -199 -32 -72 233 -135 135 189 14 106 -194 -236 -195 0 -207 -138 -109 -209 245 -62 -5 95 86 158 -42 -142 -232 -174 -227 -200 179 -150 34 115 -69 -171 -152 4 -119 -97 114 45 -243 -120 -28 -85 173 -212 -68 35 187 -219 111 121 32 -168 149 -157 130 55 -45 -77 225 -235 -183 92 -18 -170 21 20 -44 200 54 -175 39 13 211 -39 97 -55 110 -104 162 -185 10 214 117 241 219 161 -118 -25 -126 194 -220 72 240 89 -122 -210 -248 180 142 29 27 71 -136 102 -139 51 -224 70 90 -92 41 84 -70 -247 167 -177 174 -222 220 -249 -137 36 -90 75 67 183 -149 237 -130 152 181 101 147 -208 17 125 -240 -223 -48 -24 76 -216 -111 239 -242 145 -179 -74 -214 155 68 -27 -147 -73 250 236 -162 108 -36 -91 201 -67 -86 -154 -102 -11 -127 133 104 -9 113 198 -129 192 242 -189 159 165 -128 77 23 -31 30 -29 143 232 -113 116 94 -169 -106 203 -148 193 -225 61 -71 137 -43 -202 98 221 -158 107 -20 -30 81 22 157 244 235 229 -17 210 136 18 -151 209 88 63 -176 249 66 197 49 134 228 62 144 33 105 -215 156 -116 -10 12 128 74 -250 42 -12 230 204 122 213 -98 52 177 168 24 1 -60 3 -187 129 -65 248 9 227 -204 -4 -21 188 -182 64 -124 -234 2 199 44 -35 -40 -246 163 112 146 184 -164 -241 43 -99 59 166 -115 -26 -34 175 -172 -173 -108 -230 169 25 218 223 5 -2 -84 -132 -59 50 -54 141 124 -196 170 176 47 127 -75 234 -88 38 -221 -79 212 231 186 150 96 153 28 246 226 -38 -160 123 6 -63 31 -94 -165 -114 -80 138 -22 -244 -93 57 154 -125 -181 -103 222 -131 -161 -191 53 160 119 -8 -123 164 -166 37 58 109 -78 -134 79 206 8 26 85 -23 -15 -13 -197 56 -159 -19 -239 -58 224 91 217 -105 -231 -112 -96 -56 247 178 148 -61 -7 40 196 -188 -100 118 -64 -37 -184 172 151 -205 195 243 78 190 -16 -228 -3 -163 -121 -226




