Comprobar leaks de memoria:
system("leaks -q push_swap");

100 numeros:

30 91 36 -7 60 -96 -84 -100 56 -59 -46 -31 52 -26 86 61 25 33 10 83 -88 -42 -52 47 -82 39 18 -64 -10 79 -13 95 19 -17 -66 -51 -3 -11 -23 -40 63 96 46 40 28 -30 12 93 70 89 4 -98 77 -47 -86 -94 58 -65 73 -35 -29 -15 -37 88 -44 -22 -6 71 -77 8 -54 -63 92 -71 67 -90 84 -79 98 -80 69 64 -45 -21 99 94 -48 -93 44 75 42 17 -76 5 -91 -38 1 41 -69 13

9 45 22 8 100 67 11 35 78 75 59 0 25 58 83 7 33 56 89 85 23 62 65 92 80 16 47 44 79 70 86 76 36 88 40 37 52 63 61 90 93 29 24 46 32 49 5 94 60 87 55 10 3 54 31 97 48 1 84 74 21 17 13 19 69 50 82 73 98 43 91 66 14 26 18 72 53 30 34 68 51 4 12 77 71 99 28 81 95 96 57 42 6 39 2 64 15 20 41 27

-18 -31 -15 49 -42 44 -6 7 -37 26 -25 -28 42 21 19 -8 1 31 23 -48 -13 -30 8 12 30 -41 46 38 36 -23 25 -9 -3 47 -2 -19 29 11 50 35 6 -17 17 15 -29 2 40 -12 27 -27 18 41 -35 -7 24 10 -20 -36 -38 34 -24 37 32 -14 20 -11 -44 33 4 -1 -16 16 45 -43 -34 -40 -22 -26 43 -4 -45 -10 13 -50 -46 -49 -5 48 22 -39 0 -47 28 3 9 -21 -33 39 -32 5

500 numeros:




